 TTL 1
--------------------------------------------------------------------------------
 IOT 12
  1 2 3 4 5 6 14 15 16 17 18 19
 RUF 1
  9.9999998E-03
 STC 1
  0.4301075    
 SSA 1
  0.8000000    
 SLE 1
  0.9800000    
 ERR 1
   2.000000    
 DEP           13
  -200.00  -150.00    -0.50     0.00     2.50     5.00    10.00    15.00
    20.00    40.00    50.00   100.00   200.00
 NON 1
          10
 TAB 2 TDS
   0.00 -10.19
1440.00 -10.19
 TIN          10
 -10.19 -10.19 -10.19 -10.19 -10.19 -10.19 -10.19 -10.19 -10.19 -10.19
TAB 25 TAR
    0.000E+00   -0.132E+02
    0.600E+02   -0.135E+02
    0.120E+03   -0.137E+02
    0.180E+03   -0.139E+02
    0.240E+03   -0.141E+02
    0.300E+03   -0.143E+02
    0.360E+03   -0.144E+02
    0.420E+03   -0.145E+02
    0.480E+03   -0.146E+02
    0.540E+03   -0.141E+02
    0.600E+03   -0.101E+02
    0.660E+03   -0.458E+01
    0.720E+03    0.673E-01
    0.780E+03    0.187E+01
    0.840E+03    0.673E-01
    0.900E+03   -0.458E+01
    0.960E+03   -0.734E+01
    0.102E+04   -0.858E+01
    0.108E+04   -0.963E+01
    0.114E+04   -0.105E+02
    0.120E+04   -0.112E+02
    0.126E+04   -0.119E+02
    0.132E+04   -0.124E+02
    0.138E+04   -0.128E+02
    0.144E+04   -0.132E+02
 TAB 25 REL
    0.000E+00    0.824E+02
    0.600E+02    0.839E+02
    0.120E+03    0.853E+02
    0.180E+03    0.868E+02
    0.240E+03    0.883E+02
    0.300E+03    0.898E+02
    0.360E+03    0.913E+02
    0.420E+03    0.928E+02
    0.480E+03    0.947E+02
    0.540E+03    0.947E+02
    0.600E+03    0.882E+02
    0.660E+03    0.701E+02
    0.720E+03    0.701E+02
    0.780E+03    0.711E+02
    0.840E+03    0.721E+02
    0.900E+03    0.731E+02
    0.960E+03    0.742E+02
    0.102E+04    0.752E+02
    0.108E+04    0.762E+02
    0.114E+04    0.772E+02
    0.120E+04    0.783E+02
    0.126E+04    0.793E+02
    0.132E+04    0.803E+02
    0.138E+04    0.813E+02
    0.144E+04    0.824E+02
 TAB 25 CLD
    0.000E+00    0.501E+02
    0.600E+02    0.461E+02
    0.120E+03    0.421E+02
    0.180E+03    0.380E+02
    0.240E+03    0.340E+02
    0.300E+03    0.299E+02
    0.360E+03    0.259E+02
    0.420E+03    0.218E+02
    0.480E+03    0.167E+02
    0.540E+03    0.974E+01
    0.600E+03    0.344E+02
    0.660E+03    0.836E+02
    0.720E+03    0.836E+02
    0.780E+03    0.808E+02
    0.840E+03    0.780E+02
    0.900E+03    0.752E+02
    0.960E+03    0.725E+02
    0.102E+04    0.697E+02
    0.108E+04    0.669E+02
    0.114E+04    0.641E+02
    0.120E+04    0.613E+02
    0.126E+04    0.585E+02
    0.132E+04    0.557E+02
    0.138E+04    0.529E+02
    0.144E+04    0.501E+02
 TAB 25 VEL
    0.000E+00    0.603E+05
    0.600E+02    0.544E+05
    0.120E+03    0.486E+05
    0.180E+03    0.428E+05
    0.240E+03    0.369E+05
    0.300E+03    0.311E+05
    0.360E+03    0.253E+05
    0.420E+03    0.178E+05
    0.480E+03    0.127E+05
    0.540E+03    0.307E+05
    0.600E+03    0.487E+05
    0.660E+03    0.667E+05
    0.720E+03    0.103E+06
    0.780E+03    0.103E+06
    0.840E+03    0.989E+05
    0.900E+03    0.950E+05
    0.960E+03    0.912E+05
    0.102E+04    0.873E+05
    0.108E+04    0.834E+05
    0.114E+04    0.796E+05
    0.120E+04    0.757E+05
    0.126E+04    0.719E+05
    0.132E+04    0.680E+05
    0.138E+04    0.641E+05
    0.144E+04    0.603E+05
 TAB 25 SOL
    0.00000E+00    0.00000E+00
    0.60000E+02    0.00000E+00
    0.12000E+03    0.00000E+00
    0.18000E+03    0.00000E+00
    0.24000E+03    0.00000E+00
    0.30000E+03    0.00000E+00
    0.36000E+03    0.00000E+00
    0.42000E+03    0.23067E-05
    0.48000E+03    0.21744E-02
    0.54000E+03    0.56626E-02
    0.60000E+03    0.46337E-01
    0.66000E+03    0.90608E-01
    0.72000E+03    0.10843E+00
    0.78000E+03    0.90608E-01
    0.84000E+03    0.46337E-01
    0.90000E+03    0.56626E-02
    0.96000E+03    0.21744E-02
    0.10200E+04    0.23067E-05
    0.10800E+04    0.00000E+00
    0.11400E+04    0.00000E+00
    0.12000E+04    0.00000E+00
    0.12600E+04    0.00000E+00
    0.13200E+04    0.00000E+00
    0.13800E+04    0.00000E+00
    0.14400E+04    0.00000E+00
 TAB 25 ZEN
    0.00000E+00    0.90000E+02
    0.60000E+02    0.90000E+02
    0.12000E+03    0.90000E+02
    0.18000E+03    0.90000E+02
    0.24000E+03    0.90000E+02
    0.30000E+03    0.90000E+02
    0.36000E+03    0.90000E+02
    0.42000E+03    0.90000E+02
    0.48000E+03    0.90000E+02
    0.54000E+03    0.86964E+02
    0.60000E+03    0.82342E+02
    0.66000E+03    0.79413E+02
    0.72000E+03    0.78408E+02
    0.78000E+03    0.79413E+02
    0.84000E+03    0.82342E+02
    0.90000E+03    0.86964E+02
    0.96000E+03    0.90000E+02
    0.10200E+04    0.90000E+02
    0.10800E+04    0.90000E+02
    0.11400E+04    0.90000E+02
    0.12000E+04    0.90000E+02
    0.12600E+04    0.90000E+02
    0.13200E+04    0.90000E+02
    0.13800E+04    0.90000E+02
    0.14400E+04    0.90000E+02
 FIN
 TTL 1
 DAY 2 OF MONTH/DAY  1/15
 FIN
 TTL 1
 DAY 3 OF MONTH/DAY  1/15
 FIN
 TAB 2 TDS
   0.00 -13.67
1440.00 -13.67
 TIN          10
 -13.67 -13.67 -13.67 -13.67 -13.67 -13.67 -13.67 -13.67 -13.67 -13.67
TAB 25 TAR
    0.000E+00   -0.178E+02
    0.600E+02   -0.180E+02
    0.120E+03   -0.183E+02
    0.180E+03   -0.185E+02
    0.240E+03   -0.186E+02
    0.300E+03   -0.187E+02
    0.360E+03   -0.188E+02
    0.420E+03   -0.189E+02
    0.480E+03   -0.185E+02
    0.540E+03   -0.151E+02
    0.600E+03   -0.103E+02
    0.660E+03   -0.518E+01
    0.720E+03   -0.140E+01
    0.780E+03   -0.800E-02
    0.840E+03   -0.140E+01
    0.900E+03   -0.518E+01
    0.960E+03   -0.103E+02
    0.102E+04   -0.130E+02
    0.108E+04   -0.142E+02
    0.114E+04   -0.151E+02
    0.120E+04   -0.159E+02
    0.126E+04   -0.165E+02
    0.132E+04   -0.170E+02
    0.138E+04   -0.174E+02
    0.144E+04   -0.178E+02
 TAB 25 REL
    0.000E+00    0.783E+02
    0.600E+02    0.804E+02
    0.120E+03    0.825E+02
    0.180E+03    0.845E+02
    0.240E+03    0.866E+02
    0.300E+03    0.886E+02
    0.360E+03    0.907E+02
    0.420E+03    0.932E+02
    0.480E+03    0.932E+02
    0.540E+03    0.871E+02
    0.600E+03    0.792E+02
    0.660E+03    0.634E+02
    0.720E+03    0.634E+02
    0.780E+03    0.647E+02
    0.840E+03    0.659E+02
    0.900E+03    0.672E+02
    0.960E+03    0.684E+02
    0.102E+04    0.696E+02
    0.108E+04    0.709E+02
    0.114E+04    0.721E+02
    0.120E+04    0.734E+02
    0.126E+04    0.746E+02
    0.132E+04    0.758E+02
    0.138E+04    0.771E+02
    0.144E+04    0.783E+02
 TAB 25 CLD
    0.000E+00    0.502E+02
    0.600E+02    0.446E+02
    0.120E+03    0.390E+02
    0.180E+03    0.335E+02
    0.240E+03    0.279E+02
    0.300E+03    0.224E+02
    0.360E+03    0.168E+02
    0.420E+03    0.995E+01
    0.480E+03    0.504E+01
    0.540E+03    0.264E+02
    0.600E+03    0.477E+02
    0.660E+03    0.904E+02
    0.720E+03    0.904E+02
    0.780E+03    0.870E+02
    0.840E+03    0.837E+02
    0.900E+03    0.803E+02
    0.960E+03    0.770E+02
    0.102E+04    0.736E+02
    0.108E+04    0.703E+02
    0.114E+04    0.669E+02
    0.120E+04    0.636E+02
    0.126E+04    0.602E+02
    0.132E+04    0.569E+02
    0.138E+04    0.535E+02
    0.144E+04    0.502E+02
 TAB 25 VEL
    0.000E+00    0.646E+05
    0.600E+02    0.576E+05
    0.120E+03    0.505E+05
    0.180E+03    0.434E+05
    0.240E+03    0.363E+05
    0.300E+03    0.293E+05
    0.360E+03    0.206E+05
    0.420E+03    0.171E+05
    0.480E+03    0.323E+05
    0.540E+03    0.476E+05
    0.600E+03    0.629E+05
    0.660E+03    0.781E+05
    0.720E+03    0.109E+06
    0.780E+03    0.109E+06
    0.840E+03    0.105E+06
    0.900E+03    0.101E+06
    0.960E+03    0.967E+05
    0.102E+04    0.927E+05
    0.108E+04    0.887E+05
    0.114E+04    0.847E+05
    0.120E+04    0.807E+05
    0.126E+04    0.767E+05
    0.132E+04    0.726E+05
    0.138E+04    0.686E+05
    0.144E+04    0.646E+05
 TAB 25 SOL
    0.00000E+00    0.00000E+00
    0.60000E+02    0.00000E+00
    0.12000E+03    0.00000E+00
    0.18000E+03    0.00000E+00
    0.24000E+03    0.00000E+00
    0.30000E+03    0.00000E+00
    0.36000E+03    0.10592E-05
    0.42000E+03    0.23233E-02
    0.48000E+03    0.12494E-01
    0.54000E+03    0.93136E-01
    0.60000E+03    0.19375E+00
    0.66000E+03    0.26761E+00
    0.72000E+03    0.29290E+00
    0.78000E+03    0.26761E+00
    0.84000E+03    0.19375E+00
    0.90000E+03    0.93136E-01
    0.96000E+03    0.12494E-01
    0.10200E+04    0.23233E-02
    0.10800E+04    0.10592E-05
    0.11400E+04    0.00000E+00
    0.12000E+04    0.00000E+00
    0.12600E+04    0.00000E+00
    0.13200E+04    0.00000E+00
    0.13800E+04    0.00000E+00
    0.14400E+04    0.00000E+00
 TAB 25 ZEN
    0.00000E+00    0.90000E+02
    0.60000E+02    0.90000E+02
    0.12000E+03    0.90000E+02
    0.18000E+03    0.90000E+02
    0.24000E+03    0.90000E+02
    0.30000E+03    0.90000E+02
    0.36000E+03    0.90000E+02
    0.42000E+03    0.90000E+02
    0.48000E+03    0.85587E+02
    0.54000E+03    0.79259E+02
    0.60000E+03    0.74316E+02
    0.66000E+03    0.71149E+02
    0.72000E+03    0.70055E+02
    0.78000E+03    0.71149E+02
    0.84000E+03    0.74316E+02
    0.90000E+03    0.79259E+02
    0.96000E+03    0.85587E+02
    0.10200E+04    0.90000E+02
    0.10800E+04    0.90000E+02
    0.11400E+04    0.90000E+02
    0.12000E+04    0.90000E+02
    0.12600E+04    0.90000E+02
    0.13200E+04    0.90000E+02
    0.13800E+04    0.90000E+02
    0.14400E+04    0.90000E+02
 FIN
 TTL 1
 DAY 2 OF MONTH/DAY  2/15
 FIN
 TTL 1
 DAY 3 OF MONTH/DAY  2/15
 FIN
 TAB 2 TDS
   0.00 -12.10
1440.00 -12.10
 TIN          10
 -12.10 -12.10 -12.10 -12.10 -12.10 -12.10 -12.10 -12.10 -12.10 -12.10
TAB 25 TAR
    0.000E+00   -0.166E+02
    0.600E+02   -0.168E+02
    0.120E+03   -0.170E+02
    0.180E+03   -0.171E+02
    0.240E+03   -0.172E+02
    0.300E+03   -0.173E+02
    0.360E+03   -0.174E+02
    0.420E+03   -0.169E+02
    0.480E+03   -0.146E+02
    0.540E+03   -0.111E+02
    0.600E+03   -0.705E+01
    0.660E+03   -0.338E+01
    0.720E+03   -0.828E+00
    0.780E+03    0.864E-01
    0.840E+03   -0.828E+00
    0.900E+03   -0.338E+01
    0.960E+03   -0.705E+01
    0.102E+04   -0.111E+02
    0.108E+04   -0.134E+02
    0.114E+04   -0.143E+02
    0.120E+04   -0.150E+02
    0.126E+04   -0.155E+02
    0.132E+04   -0.160E+02
    0.138E+04   -0.163E+02
    0.144E+04   -0.166E+02
 TAB 25 REL
    0.000E+00    0.787E+02
    0.600E+02    0.811E+02
    0.120E+03    0.836E+02
    0.180E+03    0.860E+02
    0.240E+03    0.884E+02
    0.300E+03    0.908E+02
    0.360E+03    0.936E+02
    0.420E+03    0.936E+02
    0.480E+03    0.884E+02
    0.540E+03    0.822E+02
    0.600E+03    0.761E+02
    0.660E+03    0.638E+02
    0.720E+03    0.638E+02
    0.780E+03    0.651E+02
    0.840E+03    0.663E+02
    0.900E+03    0.675E+02
    0.960E+03    0.688E+02
    0.102E+04    0.700E+02
    0.108E+04    0.713E+02
    0.114E+04    0.725E+02
    0.120E+04    0.737E+02
    0.126E+04    0.750E+02
    0.132E+04    0.762E+02
    0.138E+04    0.775E+02
    0.144E+04    0.787E+02
 TAB 25 CLD
    0.000E+00    0.544E+02
    0.600E+02    0.478E+02
    0.120E+03    0.412E+02
    0.180E+03    0.346E+02
    0.240E+03    0.280E+02
    0.300E+03    0.214E+02
    0.360E+03    0.138E+02
    0.420E+03    0.113E+02
    0.480E+03    0.280E+02
    0.540E+03    0.448E+02
    0.600E+03    0.615E+02
    0.660E+03    0.950E+02
    0.720E+03    0.950E+02
    0.780E+03    0.916E+02
    0.840E+03    0.883E+02
    0.900E+03    0.849E+02
    0.960E+03    0.815E+02
    0.102E+04    0.781E+02
    0.108E+04    0.747E+02
    0.114E+04    0.713E+02
    0.120E+04    0.679E+02
    0.126E+04    0.646E+02
    0.132E+04    0.612E+02
    0.138E+04    0.578E+02
    0.144E+04    0.544E+02
 TAB 25 VEL
    0.000E+00    0.616E+05
    0.600E+02    0.536E+05
    0.120E+03    0.456E+05
    0.180E+03    0.376E+05
    0.240E+03    0.296E+05
    0.300E+03    0.205E+05
    0.360E+03    0.187E+05
    0.420E+03    0.307E+05
    0.480E+03    0.427E+05
    0.540E+03    0.547E+05
    0.600E+03    0.667E+05
    0.660E+03    0.787E+05
    0.720E+03    0.103E+06
    0.780E+03    0.103E+06
    0.840E+03    0.990E+05
    0.900E+03    0.952E+05
    0.960E+03    0.915E+05
    0.102E+04    0.878E+05
    0.108E+04    0.840E+05
    0.114E+04    0.803E+05
    0.120E+04    0.765E+05
    0.126E+04    0.728E+05
    0.132E+04    0.691E+05
    0.138E+04    0.653E+05
    0.144E+04    0.616E+05
 TAB 25 SOL
    0.00000E+00    0.00000E+00
    0.60000E+02    0.00000E+00
    0.12000E+03    0.00000E+00
    0.18000E+03    0.00000E+00
    0.24000E+03    0.00000E+00
    0.30000E+03    0.21309E-05
    0.36000E+03    0.55920E-02
    0.42000E+03    0.24982E-01
    0.48000E+03    0.14820E+00
    0.54000E+03    0.29702E+00
    0.60000E+03    0.42660E+00
    0.66000E+03    0.51239E+00
    0.72000E+03    0.54152E+00
    0.78000E+03    0.51239E+00
    0.84000E+03    0.42660E+00
    0.90000E+03    0.29702E+00
    0.96000E+03    0.14820E+00
    0.10200E+04    0.24982E-01
    0.10800E+04    0.55920E-02
    0.11400E+04    0.21309E-05
    0.12000E+04    0.00000E+00
    0.12600E+04    0.00000E+00
    0.13200E+04    0.00000E+00
    0.13800E+04    0.00000E+00
    0.14400E+04    0.00000E+00
 TAB 25 ZEN
    0.00000E+00    0.90000E+02
    0.60000E+02    0.90000E+02
    0.12000E+03    0.90000E+02
    0.18000E+03    0.90000E+02
    0.24000E+03    0.90000E+02
    0.30000E+03    0.90000E+02
    0.36000E+03    0.90000E+02
    0.42000E+03    0.83950E+02
    0.48000E+03    0.76350E+02
    0.54000E+03    0.69626E+02
    0.60000E+03    0.64266E+02
    0.66000E+03    0.60772E+02
    0.72000E+03    0.59553E+02
    0.78000E+03    0.60772E+02
    0.84000E+03    0.64266E+02
    0.90000E+03    0.69626E+02
    0.96000E+03    0.76350E+02
    0.10200E+04    0.83950E+02
    0.10800E+04    0.90000E+02
    0.11400E+04    0.90000E+02
    0.12000E+04    0.90000E+02
    0.12600E+04    0.90000E+02
    0.13200E+04    0.90000E+02
    0.13800E+04    0.90000E+02
    0.14400E+04    0.90000E+02
 FIN
 TTL 1
 DAY 2 OF MONTH/DAY  3/15
 FIN
 TTL 1
 DAY 3 OF MONTH/DAY  3/15
 FIN
 TAB 2 TDS
   0.00  -5.71
1440.00  -5.71
 TIN          10
  -5.71  -5.71  -5.71  -5.71  -5.71  -5.71  -5.71  -5.71  -5.71  -5.71
TAB 25 TAR
    0.000E+00   -0.954E+01
    0.600E+02   -0.967E+01
    0.120E+03   -0.977E+01
    0.180E+03   -0.984E+01
    0.240E+03   -0.989E+01
    0.300E+03   -0.995E+01
    0.360E+03   -0.920E+01
    0.420E+03   -0.772E+01
    0.480E+03   -0.572E+01
    0.540E+03   -0.347E+01
    0.600E+03   -0.129E+01
    0.660E+03    0.532E+00
    0.720E+03    0.173E+01
    0.780E+03    0.216E+01
    0.840E+03    0.173E+01
    0.900E+03    0.532E+00
    0.960E+03   -0.129E+01
    0.102E+04   -0.347E+01
    0.108E+04   -0.572E+01
    0.114E+04   -0.772E+01
    0.120E+04   -0.835E+01
    0.126E+04   -0.880E+01
    0.132E+04   -0.913E+01
    0.138E+04   -0.937E+01
    0.144E+04   -0.954E+01
 TAB 25 REL
    0.000E+00    0.835E+02
    0.600E+02    0.862E+02
    0.120E+03    0.888E+02
    0.180E+03    0.915E+02
    0.240E+03    0.957E+02
    0.300E+03    0.957E+02
    0.360E+03    0.942E+02
    0.420E+03    0.904E+02
    0.480E+03    0.865E+02
    0.540E+03    0.827E+02
    0.600E+03    0.789E+02
    0.660E+03    0.712E+02
    0.720E+03    0.712E+02
    0.780E+03    0.723E+02
    0.840E+03    0.733E+02
    0.900E+03    0.743E+02
    0.960E+03    0.753E+02
    0.102E+04    0.763E+02
    0.108E+04    0.774E+02
    0.114E+04    0.784E+02
    0.120E+04    0.794E+02
    0.126E+04    0.804E+02
    0.132E+04    0.814E+02
    0.138E+04    0.825E+02
    0.144E+04    0.835E+02
 TAB 25 CLD
    0.000E+00    0.628E+02
    0.600E+02    0.553E+02
    0.120E+03    0.477E+02
    0.180E+03    0.402E+02
    0.240E+03    0.281E+02
    0.300E+03    0.217E+02
    0.360E+03    0.325E+02
    0.420E+03    0.433E+02
    0.480E+03    0.542E+02
    0.540E+03    0.650E+02
    0.600E+03    0.759E+02
    0.660E+03    0.975E+02
    0.720E+03    0.975E+02
    0.780E+03    0.946E+02
    0.840E+03    0.917E+02
    0.900E+03    0.889E+02
    0.960E+03    0.860E+02
    0.102E+04    0.831E+02
    0.108E+04    0.802E+02
    0.114E+04    0.773E+02
    0.120E+04    0.744E+02
    0.126E+04    0.715E+02
    0.132E+04    0.686E+02
    0.138E+04    0.657E+02
    0.144E+04    0.628E+02
 TAB 25 VEL
    0.000E+00    0.512E+05
    0.600E+02    0.418E+05
    0.120E+03    0.324E+05
    0.180E+03    0.175E+05
    0.240E+03    0.127E+05
    0.300E+03    0.208E+05
    0.360E+03    0.288E+05
    0.420E+03    0.368E+05
    0.480E+03    0.448E+05
    0.540E+03    0.528E+05
    0.600E+03    0.608E+05
    0.660E+03    0.688E+05
    0.720E+03    0.848E+05
    0.780E+03    0.848E+05
    0.840E+03    0.818E+05
    0.900E+03    0.787E+05
    0.960E+03    0.756E+05
    0.102E+04    0.726E+05
    0.108E+04    0.695E+05
    0.114E+04    0.665E+05
    0.120E+04    0.634E+05
    0.126E+04    0.603E+05
    0.132E+04    0.573E+05
    0.138E+04    0.542E+05
    0.144E+04    0.512E+05
 TAB 25 SOL
    0.00000E+00    0.00000E+00
    0.60000E+02    0.00000E+00
    0.12000E+03    0.00000E+00
    0.18000E+03    0.56521E-07
    0.24000E+03    0.30415E-04
    0.30000E+03    0.60265E-03
    0.36000E+03    0.49018E-01
    0.42000E+03    0.19577E+00
    0.48000E+03    0.37833E+00
    0.54000E+03    0.54860E+00
    0.60000E+03    0.68551E+00
    0.66000E+03    0.77447E+00
    0.72000E+03    0.80447E+00
    0.78000E+03    0.77447E+00
    0.84000E+03    0.68551E+00
    0.90000E+03    0.54860E+00
    0.96000E+03    0.37833E+00
    0.10200E+04    0.19577E+00
    0.10800E+04    0.49018E-01
    0.11400E+04    0.60265E-03
    0.12000E+04    0.30415E-04
    0.12600E+04    0.56521E-07
    0.13200E+04    0.00000E+00
    0.13800E+04    0.00000E+00
    0.14400E+04    0.00000E+00
 TAB 25 ZEN
    0.00000E+00    0.90000E+02
    0.60000E+02    0.90000E+02
    0.12000E+03    0.90000E+02
    0.18000E+03    0.90000E+02
    0.24000E+03    0.90000E+02
    0.30000E+03    0.89430E+02
    0.36000E+03    0.81987E+02
    0.42000E+03    0.73876E+02
    0.48000E+03    0.66007E+02
    0.54000E+03    0.58848E+02
    0.60000E+03    0.52969E+02
    0.66000E+03    0.49032E+02
    0.72000E+03    0.47636E+02
    0.78000E+03    0.49032E+02
    0.84000E+03    0.52969E+02
    0.90000E+03    0.58848E+02
    0.96000E+03    0.66007E+02
    0.10200E+04    0.73876E+02
    0.10800E+04    0.81987E+02
    0.11400E+04    0.89430E+02
    0.12000E+04    0.90000E+02
    0.12600E+04    0.90000E+02
    0.13200E+04    0.90000E+02
    0.13800E+04    0.90000E+02
    0.14400E+04    0.90000E+02
 FIN
 TTL 1
 DAY 2 OF MONTH/DAY  4/15
 FIN
 TTL 1
 DAY 3 OF MONTH/DAY  4/15
 FIN
 TAB 2 TDS
   0.00   0.63
1440.00   0.63
 TIN          10
   0.63   0.63   0.63   0.63   0.63   0.63   0.63   0.63   0.63   0.63
TAB 25 TAR
    0.000E+00   -0.168E+01
    0.600E+02   -0.175E+01
    0.120E+03   -0.179E+01
    0.180E+03   -0.182E+01
    0.240E+03   -0.184E+01
    0.300E+03   -0.150E+01
    0.360E+03   -0.857E+00
    0.420E+03    0.312E-01
    0.480E+03    0.106E+01
    0.540E+03    0.212E+01
    0.600E+03    0.310E+01
    0.660E+03    0.389E+01
    0.720E+03    0.440E+01
    0.780E+03    0.457E+01
    0.840E+03    0.440E+01
    0.900E+03    0.389E+01
    0.960E+03    0.310E+01
    0.102E+04    0.212E+01
    0.108E+04    0.106E+01
    0.114E+04    0.312E-01
    0.120E+04   -0.857E+00
    0.126E+04   -0.121E+01
    0.132E+04   -0.143E+01
    0.138E+04   -0.158E+01
    0.144E+04   -0.168E+01
 TAB 25 REL
    0.000E+00    0.887E+02
    0.600E+02    0.913E+02
    0.120E+03    0.939E+02
    0.180E+03    0.980E+02
    0.240E+03    0.980E+02
    0.300E+03    0.968E+02
    0.360E+03    0.943E+02
    0.420E+03    0.918E+02
    0.480E+03    0.893E+02
    0.540E+03    0.868E+02
    0.600E+03    0.843E+02
    0.660E+03    0.793E+02
    0.720E+03    0.793E+02
    0.780E+03    0.801E+02
    0.840E+03    0.809E+02
    0.900E+03    0.816E+02
    0.960E+03    0.824E+02
    0.102E+04    0.832E+02
    0.108E+04    0.840E+02
    0.114E+04    0.848E+02
    0.120E+04    0.855E+02
    0.126E+04    0.863E+02
    0.132E+04    0.871E+02
    0.138E+04    0.879E+02
    0.144E+04    0.887E+02
 TAB 25 CLD
    0.000E+00    0.709E+02
    0.600E+02    0.630E+02
    0.120E+03    0.552E+02
    0.180E+03    0.431E+02
    0.240E+03    0.392E+02
    0.300E+03    0.466E+02
    0.360E+03    0.540E+02
    0.420E+03    0.615E+02
    0.480E+03    0.689E+02
    0.540E+03    0.764E+02
    0.600E+03    0.838E+02
    0.660E+03    0.987E+02
    0.720E+03    0.987E+02
    0.780E+03    0.964E+02
    0.840E+03    0.940E+02
    0.900E+03    0.917E+02
    0.960E+03    0.894E+02
    0.102E+04    0.871E+02
    0.108E+04    0.848E+02
    0.114E+04    0.825E+02
    0.120E+04    0.802E+02
    0.126E+04    0.778E+02
    0.132E+04    0.755E+02
    0.138E+04    0.732E+02
    0.144E+04    0.709E+02
 TAB 25 VEL
    0.000E+00    0.409E+05
    0.600E+02    0.304E+05
    0.120E+03    0.144E+05
    0.180E+03    0.115E+05
    0.240E+03    0.170E+05
    0.300E+03    0.226E+05
    0.360E+03    0.282E+05
    0.420E+03    0.338E+05
    0.480E+03    0.394E+05
    0.540E+03    0.450E+05
    0.600E+03    0.505E+05
    0.660E+03    0.561E+05
    0.720E+03    0.673E+05
    0.780E+03    0.673E+05
    0.840E+03    0.649E+05
    0.900E+03    0.625E+05
    0.960E+03    0.601E+05
    0.102E+04    0.577E+05
    0.108E+04    0.553E+05
    0.114E+04    0.529E+05
    0.120E+04    0.505E+05
    0.126E+04    0.481E+05
    0.132E+04    0.457E+05
    0.138E+04    0.433E+05
    0.144E+04    0.409E+05
 TAB 25 SOL
    0.00000E+00    0.00000E+00
    0.60000E+02    0.11515E-06
    0.12000E+03    0.21389E-05
    0.18000E+03    0.21189E-03
    0.24000E+03    0.79206E-03
    0.30000E+03    0.46411E-01
    0.36000E+03    0.18296E+00
    0.42000E+03    0.36672E+00
    0.48000E+03    0.55425E+00
    0.54000E+03    0.72567E+00
    0.60000E+03    0.86013E+00
    0.66000E+03    0.94661E+00
    0.72000E+03    0.97565E+00
    0.78000E+03    0.94661E+00
    0.84000E+03    0.86013E+00
    0.90000E+03    0.72567E+00
    0.96000E+03    0.55425E+00
    0.10200E+04    0.36672E+00
    0.10800E+04    0.18296E+00
    0.11400E+04    0.46411E-01
    0.12000E+04    0.79206E-03
    0.12600E+04    0.21189E-03
    0.13200E+04    0.21389E-05
    0.13800E+04    0.11515E-06
    0.14400E+04    0.42178E-07
 TAB 25 ZEN
    0.00000E+00    0.90000E+02
    0.60000E+02    0.90000E+02
    0.12000E+03    0.90000E+02
    0.18000E+03    0.90000E+02
    0.24000E+03    0.88829E+02
    0.30000E+03    0.82135E+02
    0.36000E+03    0.74354E+02
    0.42000E+03    0.66263E+02
    0.48000E+03    0.58242E+02
    0.54000E+03    0.50755E+02
    0.60000E+03    0.44421E+02
    0.66000E+03    0.40049E+02
    0.72000E+03    0.38466E+02
    0.78000E+03    0.40049E+02
    0.84000E+03    0.44421E+02
    0.90000E+03    0.50755E+02
    0.96000E+03    0.58242E+02
    0.10200E+04    0.66263E+02
    0.10800E+04    0.74354E+02
    0.11400E+04    0.82135E+02
    0.12000E+04    0.88829E+02
    0.12600E+04    0.90000E+02
    0.13200E+04    0.90000E+02
    0.13800E+04    0.90000E+02
    0.14400E+04    0.90000E+02
 FIN
 TTL 1
 DAY 2 OF MONTH/DAY  5/15
 FIN
 TTL 1
 DAY 3 OF MONTH/DAY  5/15
 FIN
 TAB 2 TDS
   0.00   4.56
1440.00   4.56
 TIN          10
   4.56   4.56   4.56   4.56   4.56   4.56   4.56   4.56   4.56   4.56
TAB 25 TAR
    0.000E+00    0.347E+01
    0.600E+02    0.344E+01
    0.120E+03    0.342E+01
    0.180E+03    0.341E+01
    0.240E+03    0.345E+01
    0.300E+03    0.364E+01
    0.360E+03    0.395E+01
    0.420E+03    0.436E+01
    0.480E+03    0.481E+01
    0.540E+03    0.526E+01
    0.600E+03    0.567E+01
    0.660E+03    0.600E+01
    0.720E+03    0.621E+01
    0.780E+03    0.628E+01
    0.840E+03    0.621E+01
    0.900E+03    0.600E+01
    0.960E+03    0.567E+01
    0.102E+04    0.526E+01
    0.108E+04    0.481E+01
    0.114E+04    0.436E+01
    0.120E+04    0.395E+01
    0.126E+04    0.371E+01
    0.132E+04    0.359E+01
    0.138E+04    0.352E+01
    0.144E+04    0.347E+01
 TAB 25 REL
    0.000E+00    0.915E+02
    0.600E+02    0.940E+02
    0.120E+03    0.964E+02
    0.180E+03    0.991E+02
    0.240E+03    0.991E+02
    0.300E+03    0.974E+02
    0.360E+03    0.955E+02
    0.420E+03    0.936E+02
    0.480E+03    0.917E+02
    0.540E+03    0.897E+02
    0.600E+03    0.878E+02
    0.660E+03    0.840E+02
    0.720E+03    0.840E+02
    0.780E+03    0.846E+02
    0.840E+03    0.852E+02
    0.900E+03    0.859E+02
    0.960E+03    0.865E+02
    0.102E+04    0.871E+02
    0.108E+04    0.878E+02
    0.114E+04    0.884E+02
    0.120E+04    0.890E+02
    0.126E+04    0.897E+02
    0.132E+04    0.903E+02
    0.138E+04    0.909E+02
    0.144E+04    0.915E+02
 TAB 25 CLD
    0.000E+00    0.758E+02
    0.600E+02    0.684E+02
    0.120E+03    0.609E+02
    0.180E+03    0.525E+02
    0.240E+03    0.518E+02
    0.300E+03    0.577E+02
    0.360E+03    0.636E+02
    0.420E+03    0.695E+02
    0.480E+03    0.755E+02
    0.540E+03    0.814E+02
    0.600E+03    0.873E+02
    0.660E+03    0.991E+02
    0.720E+03    0.991E+02
    0.780E+03    0.972E+02
    0.840E+03    0.952E+02
    0.900E+03    0.933E+02
    0.960E+03    0.914E+02
    0.102E+04    0.894E+02
    0.108E+04    0.875E+02
    0.114E+04    0.855E+02
    0.120E+04    0.836E+02
    0.126E+04    0.817E+02
    0.132E+04    0.797E+02
    0.138E+04    0.778E+02
    0.144E+04    0.758E+02
 TAB 25 VEL
    0.000E+00    0.354E+05
    0.600E+02    0.248E+05
    0.120E+03    0.130E+05
    0.180E+03    0.124E+05
    0.240E+03    0.170E+05
    0.300E+03    0.215E+05
    0.360E+03    0.260E+05
    0.420E+03    0.305E+05
    0.480E+03    0.351E+05
    0.540E+03    0.396E+05
    0.600E+03    0.441E+05
    0.660E+03    0.487E+05
    0.720E+03    0.577E+05
    0.780E+03    0.577E+05
    0.840E+03    0.557E+05
    0.900E+03    0.537E+05
    0.960E+03    0.516E+05
    0.102E+04    0.496E+05
    0.108E+04    0.476E+05
    0.114E+04    0.455E+05
    0.120E+04    0.435E+05
    0.126E+04    0.415E+05
    0.132E+04    0.394E+05
    0.138E+04    0.374E+05
    0.144E+04    0.354E+05
 TAB 25 SOL
    0.00000E+00    0.00000E+00
    0.60000E+02    0.93991E-05
    0.12000E+03    0.15420E-03
    0.18000E+03    0.12874E-01
    0.24000E+03    0.13635E-01
    0.30000E+03    0.10357E+00
    0.36000E+03    0.26187E+00
    0.42000E+03    0.44639E+00
    0.48000E+03    0.63239E+00
    0.54000E+03    0.79915E+00
    0.60000E+03    0.92929E+00
    0.66000E+03    0.10121E+01
    0.72000E+03    0.10402E+01
    0.78000E+03    0.10121E+01
    0.84000E+03    0.92929E+00
    0.90000E+03    0.79915E+00
    0.96000E+03    0.63239E+00
    0.10200E+04    0.44639E+00
    0.10800E+04    0.26187E+00
    0.11400E+04    0.10357E+00
    0.12000E+04    0.13635E-01
    0.12600E+04    0.12874E-01
    0.13200E+04    0.15420E-03
    0.13800E+04    0.93991E-05
    0.14400E+04    0.36035E-05
 TAB 25 ZEN
    0.00000E+00    0.90000E+02
    0.60000E+02    0.90000E+02
    0.12000E+03    0.90000E+02
    0.18000E+03    0.90000E+02
    0.24000E+03    0.85223E+02
    0.30000E+03    0.78267E+02
    0.36000E+03    0.70598E+02
    0.42000E+03    0.62546E+02
    0.48000E+03    0.54472E+02
    0.54000E+03    0.46827E+02
    0.60000E+03    0.40243E+02
    0.66000E+03    0.35605E+02
    0.72000E+03    0.33900E+02
    0.78000E+03    0.35605E+02
    0.84000E+03    0.40243E+02
    0.90000E+03    0.46827E+02
    0.96000E+03    0.54472E+02
    0.10200E+04    0.62546E+02
    0.10800E+04    0.70598E+02
    0.11400E+04    0.78267E+02
    0.12000E+04    0.85223E+02
    0.12600E+04    0.90000E+02
    0.13200E+04    0.90000E+02
    0.13800E+04    0.90000E+02
    0.14400E+04    0.90000E+02
 FIN
 TTL 1
 DAY 2 OF MONTH/DAY  6/15
 FIN
 TTL 1
 DAY 3 OF MONTH/DAY  6/15
 FIN
 TAB 2 TDS
   0.00   5.56
1440.00   5.56
 TIN          10
   5.56   5.56   5.56   5.56   5.56   5.56   5.56   5.56   5.56   5.56
TAB 25 TAR
    0.000E+00    0.474E+01
    0.600E+02    0.472E+01
    0.120E+03    0.470E+01
    0.180E+03    0.469E+01
    0.240E+03    0.470E+01
    0.300E+03    0.484E+01
    0.360E+03    0.508E+01
    0.420E+03    0.539E+01
    0.480E+03    0.574E+01
    0.540E+03    0.609E+01
    0.600E+03    0.642E+01
    0.660E+03    0.668E+01
    0.720E+03    0.685E+01
    0.780E+03    0.690E+01
    0.840E+03    0.685E+01
    0.900E+03    0.668E+01
    0.960E+03    0.642E+01
    0.102E+04    0.609E+01
    0.108E+04    0.574E+01
    0.114E+04    0.539E+01
    0.120E+04    0.508E+01
    0.126E+04    0.491E+01
    0.132E+04    0.483E+01
    0.138E+04    0.477E+01
    0.144E+04    0.474E+01
 TAB 25 REL
    0.000E+00    0.915E+02
    0.600E+02    0.938E+02
    0.120E+03    0.961E+02
    0.180E+03    0.991E+02
    0.240E+03    0.991E+02
    0.300E+03    0.977E+02
    0.360E+03    0.957E+02
    0.420E+03    0.938E+02
    0.480E+03    0.918E+02
    0.540E+03    0.898E+02
    0.600E+03    0.879E+02
    0.660E+03    0.840E+02
    0.720E+03    0.840E+02
    0.780E+03    0.846E+02
    0.840E+03    0.852E+02
    0.900E+03    0.859E+02
    0.960E+03    0.865E+02
    0.102E+04    0.871E+02
    0.108E+04    0.877E+02
    0.114E+04    0.884E+02
    0.120E+04    0.890E+02
    0.126E+04    0.896E+02
    0.132E+04    0.903E+02
    0.138E+04    0.909E+02
    0.144E+04    0.915E+02
 TAB 25 CLD
    0.000E+00    0.768E+02
    0.600E+02    0.700E+02
    0.120E+03    0.632E+02
    0.180E+03    0.544E+02
    0.240E+03    0.528E+02
    0.300E+03    0.586E+02
    0.360E+03    0.644E+02
    0.420E+03    0.702E+02
    0.480E+03    0.760E+02
    0.540E+03    0.818E+02
    0.600E+03    0.876E+02
    0.660E+03    0.992E+02
    0.720E+03    0.992E+02
    0.780E+03    0.974E+02
    0.840E+03    0.955E+02
    0.900E+03    0.936E+02
    0.960E+03    0.918E+02
    0.102E+04    0.899E+02
    0.108E+04    0.880E+02
    0.114E+04    0.862E+02
    0.120E+04    0.843E+02
    0.126E+04    0.824E+02
    0.132E+04    0.806E+02
    0.138E+04    0.787E+02
    0.144E+04    0.768E+02
 TAB 25 VEL
    0.000E+00    0.361E+05
    0.600E+02    0.263E+05
    0.120E+03    0.138E+05
    0.180E+03    0.125E+05
    0.240E+03    0.170E+05
    0.300E+03    0.216E+05
    0.360E+03    0.262E+05
    0.420E+03    0.308E+05
    0.480E+03    0.354E+05
    0.540E+03    0.400E+05
    0.600E+03    0.446E+05
    0.660E+03    0.492E+05
    0.720E+03    0.584E+05
    0.780E+03    0.584E+05
    0.840E+03    0.564E+05
    0.900E+03    0.543E+05
    0.960E+03    0.523E+05
    0.102E+04    0.503E+05
    0.108E+04    0.482E+05
    0.114E+04    0.462E+05
    0.120E+04    0.442E+05
    0.126E+04    0.422E+05
    0.132E+04    0.401E+05
    0.138E+04    0.381E+05
    0.144E+04    0.361E+05
 TAB 25 SOL
    0.00000E+00    0.00000E+00
    0.60000E+02    0.19131E-05
    0.12000E+03    0.32819E-04
    0.18000E+03    0.29151E-02
    0.24000E+03    0.60773E-02
    0.30000E+03    0.80405E-01
    0.36000E+03    0.23247E+00
    0.42000E+03    0.41549E+00
    0.48000E+03    0.60185E+00
    0.54000E+03    0.76828E+00
    0.60000E+03    0.90072E+00
    0.66000E+03    0.98425E+00
    0.72000E+03    0.10126E+01
    0.78000E+03    0.98425E+00
    0.84000E+03    0.90072E+00
    0.90000E+03    0.76828E+00
    0.96000E+03    0.60185E+00
    0.10200E+04    0.41549E+00
    0.10800E+04    0.23247E+00
    0.11400E+04    0.80405E-01
    0.12000E+04    0.60773E-02
    0.12600E+04    0.29151E-02
    0.13200E+04    0.32819E-04
    0.13800E+04    0.19131E-05
    0.14400E+04    0.72154E-06
 TAB 25 ZEN
    0.00000E+00    0.90000E+02
    0.60000E+02    0.90000E+02
    0.12000E+03    0.90000E+02
    0.18000E+03    0.90000E+02
    0.24000E+03    0.86679E+02
    0.30000E+03    0.79664E+02
    0.36000E+03    0.71952E+02
    0.42000E+03    0.63883E+02
    0.48000E+03    0.55826E+02
    0.54000E+03    0.48238E+02
    0.60000E+03    0.41746E+02
    0.66000E+03    0.37209E+02
    0.72000E+03    0.35551E+02
    0.78000E+03    0.37209E+02
    0.84000E+03    0.41746E+02
    0.90000E+03    0.48238E+02
    0.96000E+03    0.55826E+02
    0.10200E+04    0.63883E+02
    0.10800E+04    0.71952E+02
    0.11400E+04    0.79664E+02
    0.12000E+04    0.86679E+02
    0.12600E+04    0.90000E+02
    0.13200E+04    0.90000E+02
    0.13800E+04    0.90000E+02
    0.14400E+04    0.90000E+02
 FIN
 TTL 1
 DAY 2 OF MONTH/DAY  7/15
 FIN
 TTL 1
 DAY 3 OF MONTH/DAY  7/15
 FIN
 TAB 2 TDS
   0.00   4.71
1440.00   4.71
 TIN          10
   4.71   4.71   4.71   4.71   4.71   4.71   4.71   4.71   4.71   4.71
TAB 25 TAR
    0.000E+00    0.360E+01
    0.600E+02    0.357E+01
    0.120E+03    0.354E+01
    0.180E+03    0.352E+01
    0.240E+03    0.351E+01
    0.300E+03    0.354E+01
    0.360E+03    0.379E+01
    0.420E+03    0.423E+01
    0.480E+03    0.478E+01
    0.540E+03    0.538E+01
    0.600E+03    0.596E+01
    0.660E+03    0.643E+01
    0.720E+03    0.674E+01
    0.780E+03    0.685E+01
    0.840E+03    0.674E+01
    0.900E+03    0.643E+01
    0.960E+03    0.596E+01
    0.102E+04    0.538E+01
    0.108E+04    0.478E+01
    0.114E+04    0.423E+01
    0.120E+04    0.395E+01
    0.126E+04    0.382E+01
    0.132E+04    0.372E+01
    0.138E+04    0.365E+01
    0.144E+04    0.360E+01
 TAB 25 REL
    0.000E+00    0.898E+02
    0.600E+02    0.919E+02
    0.120E+03    0.939E+02
    0.180E+03    0.960E+02
    0.240E+03    0.986E+02
    0.300E+03    0.986E+02
    0.360E+03    0.967E+02
    0.420E+03    0.941E+02
    0.480E+03    0.915E+02
    0.540E+03    0.888E+02
    0.600E+03    0.862E+02
    0.660E+03    0.810E+02
    0.720E+03    0.810E+02
    0.780E+03    0.817E+02
    0.840E+03    0.825E+02
    0.900E+03    0.832E+02
    0.960E+03    0.839E+02
    0.102E+04    0.847E+02
    0.108E+04    0.854E+02
    0.114E+04    0.861E+02
    0.120E+04    0.869E+02
    0.126E+04    0.876E+02
    0.132E+04    0.883E+02
    0.138E+04    0.891E+02
    0.144E+04    0.898E+02
 TAB 25 CLD
    0.000E+00    0.754E+02
    0.600E+02    0.699E+02
    0.120E+03    0.643E+02
    0.180E+03    0.587E+02
    0.240E+03    0.516E+02
    0.300E+03    0.497E+02
    0.360E+03    0.568E+02
    0.420E+03    0.639E+02
    0.480E+03    0.709E+02
    0.540E+03    0.780E+02
    0.600E+03    0.851E+02
    0.660E+03    0.992E+02
    0.720E+03    0.992E+02
    0.780E+03    0.973E+02
    0.840E+03    0.953E+02
    0.900E+03    0.933E+02
    0.960E+03    0.913E+02
    0.102E+04    0.893E+02
    0.108E+04    0.873E+02
    0.114E+04    0.854E+02
    0.120E+04    0.834E+02
    0.126E+04    0.814E+02
    0.132E+04    0.794E+02
    0.138E+04    0.774E+02
    0.144E+04    0.754E+02
 TAB 25 VEL
    0.000E+00    0.406E+05
    0.600E+02    0.330E+05
    0.120E+03    0.255E+05
    0.180E+03    0.158E+05
    0.240E+03    0.143E+05
    0.300E+03    0.200E+05
    0.360E+03    0.256E+05
    0.420E+03    0.313E+05
    0.480E+03    0.370E+05
    0.540E+03    0.426E+05
    0.600E+03    0.483E+05
    0.660E+03    0.540E+05
    0.720E+03    0.653E+05
    0.780E+03    0.653E+05
    0.840E+03    0.631E+05
    0.900E+03    0.608E+05
    0.960E+03    0.586E+05
    0.102E+04    0.563E+05
    0.108E+04    0.541E+05
    0.114E+04    0.518E+05
    0.120E+04    0.496E+05
    0.126E+04    0.473E+05
    0.132E+04    0.451E+05
    0.138E+04    0.428E+05
    0.144E+04    0.406E+05
 TAB 25 SOL
    0.00000E+00    0.00000E+00
    0.60000E+02    0.00000E+00
    0.12000E+03    0.32686E-07
    0.18000E+03    0.38288E-05
    0.24000E+03    0.17285E-02
    0.30000E+03    0.94937E-02
    0.36000E+03    0.10804E+00
    0.42000E+03    0.27838E+00
    0.48000E+03    0.46420E+00
    0.54000E+03    0.63325E+00
    0.60000E+03    0.76812E+00
    0.66000E+03    0.85495E+00
    0.72000E+03    0.88435E+00
    0.78000E+03    0.85495E+00
    0.84000E+03    0.76812E+00
    0.90000E+03    0.63325E+00
    0.96000E+03    0.46420E+00
    0.10200E+04    0.27838E+00
    0.10800E+04    0.10804E+00
    0.11400E+04    0.94937E-02
    0.12000E+04    0.17285E-02
    0.12600E+04    0.38288E-05
    0.13200E+04    0.32686E-07
    0.13800E+04    0.00000E+00
    0.14400E+04    0.00000E+00
 TAB 25 ZEN
    0.00000E+00    0.90000E+02
    0.60000E+02    0.90000E+02
    0.12000E+03    0.90000E+02
    0.18000E+03    0.90000E+02
    0.24000E+03    0.90000E+02
    0.30000E+03    0.85933E+02
    0.36000E+03    0.78061E+02
    0.42000E+03    0.69951E+02
    0.48000E+03    0.61997E+02
    0.54000E+03    0.54669E+02
    0.60000E+03    0.48564E+02
    0.66000E+03    0.44418E+02
    0.72000E+03    0.42933E+02
    0.78000E+03    0.44418E+02
    0.84000E+03    0.48564E+02
    0.90000E+03    0.54669E+02
    0.96000E+03    0.61997E+02
    0.10200E+04    0.69951E+02
    0.10800E+04    0.78061E+02
    0.11400E+04    0.85933E+02
    0.12000E+04    0.90000E+02
    0.12600E+04    0.90000E+02
    0.13200E+04    0.90000E+02
    0.13800E+04    0.90000E+02
    0.14400E+04    0.90000E+02
 FIN
 TTL 1
 DAY 2 OF MONTH/DAY  8/15
 FIN
 TTL 1
 DAY 3 OF MONTH/DAY  8/15
 FIN
 TAB 2 TDS
   0.00   2.94
1440.00   2.94
 TIN          10
   2.94   2.94   2.94   2.94   2.94   2.94   2.94   2.94   2.94   2.94
TAB 25 TAR
    0.000E+00    0.145E+01
    0.600E+02    0.139E+01
    0.120E+03    0.134E+01
    0.180E+03    0.131E+01
    0.240E+03    0.128E+01
    0.300E+03    0.126E+01
    0.360E+03    0.128E+01
    0.420E+03    0.175E+01
    0.480E+03    0.258E+01
    0.540E+03    0.362E+01
    0.600E+03    0.470E+01
    0.660E+03    0.563E+01
    0.720E+03    0.626E+01
    0.780E+03    0.649E+01
    0.840E+03    0.626E+01
    0.900E+03    0.563E+01
    0.960E+03    0.470E+01
    0.102E+04    0.362E+01
    0.108E+04    0.258E+01
    0.114E+04    0.216E+01
    0.120E+04    0.193E+01
    0.126E+04    0.176E+01
    0.132E+04    0.163E+01
    0.138E+04    0.153E+01
    0.144E+04    0.145E+01
 TAB 25 REL
    0.000E+00    0.871E+02
    0.600E+02    0.890E+02
    0.120E+03    0.910E+02
    0.180E+03    0.929E+02
    0.240E+03    0.948E+02
    0.300E+03    0.975E+02
    0.360E+03    0.975E+02
    0.420E+03    0.953E+02
    0.480E+03    0.916E+02
    0.540E+03    0.879E+02
    0.600E+03    0.842E+02
    0.660E+03    0.768E+02
    0.720E+03    0.768E+02
    0.780E+03    0.776E+02
    0.840E+03    0.785E+02
    0.900E+03    0.793E+02
    0.960E+03    0.802E+02
    0.102E+04    0.811E+02
    0.108E+04    0.819E+02
    0.114E+04    0.828E+02
    0.120E+04    0.837E+02
    0.126E+04    0.845E+02
    0.132E+04    0.854E+02
    0.138E+04    0.863E+02
    0.144E+04    0.871E+02
 TAB 25 CLD
    0.000E+00    0.730E+02
    0.600E+02    0.682E+02
    0.120E+03    0.633E+02
    0.180E+03    0.584E+02
    0.240E+03    0.536E+02
    0.300E+03    0.468E+02
    0.360E+03    0.430E+02
    0.420E+03    0.524E+02
    0.480E+03    0.618E+02
    0.540E+03    0.712E+02
    0.600E+03    0.805E+02
    0.660E+03    0.993E+02
    0.720E+03    0.993E+02
    0.780E+03    0.971E+02
    0.840E+03    0.949E+02
    0.900E+03    0.927E+02
    0.960E+03    0.905E+02
    0.102E+04    0.883E+02
    0.108E+04    0.861E+02
    0.114E+04    0.840E+02
    0.120E+04    0.818E+02
    0.126E+04    0.796E+02
    0.132E+04    0.774E+02
    0.138E+04    0.752E+02
    0.144E+04    0.730E+02
 TAB 25 VEL
    0.000E+00    0.468E+05
    0.600E+02    0.403E+05
    0.120E+03    0.339E+05
    0.180E+03    0.275E+05
    0.240E+03    0.185E+05
    0.300E+03    0.156E+05
    0.360E+03    0.230E+05
    0.420E+03    0.304E+05
    0.480E+03    0.379E+05
    0.540E+03    0.453E+05
    0.600E+03    0.527E+05
    0.660E+03    0.601E+05
    0.720E+03    0.750E+05
    0.780E+03    0.750E+05
    0.840E+03    0.724E+05
    0.900E+03    0.699E+05
    0.960E+03    0.673E+05
    0.102E+04    0.647E+05
    0.108E+04    0.622E+05
    0.114E+04    0.596E+05
    0.120E+04    0.570E+05
    0.126E+04    0.545E+05
    0.132E+04    0.519E+05
    0.138E+04    0.493E+05
    0.144E+04    0.468E+05
 TAB 25 SOL
    0.00000E+00    0.00000E+00
    0.60000E+02    0.00000E+00
    0.12000E+03    0.00000E+00
    0.18000E+03    0.00000E+00
    0.24000E+03    0.13718E-06
    0.30000E+03    0.22046E-03
    0.36000E+03    0.42806E-02
    0.42000E+03    0.90133E-01
    0.48000E+03    0.24905E+00
    0.54000E+03    0.41053E+00
    0.60000E+03    0.54343E+00
    0.66000E+03    0.63004E+00
    0.72000E+03    0.65962E+00
    0.78000E+03    0.63004E+00
    0.84000E+03    0.54343E+00
    0.90000E+03    0.41053E+00
    0.96000E+03    0.24905E+00
    0.10200E+04    0.90133E-01
    0.10800E+04    0.42806E-02
    0.11400E+04    0.22046E-03
    0.12000E+04    0.13718E-06
    0.12600E+04    0.00000E+00
    0.13200E+04    0.00000E+00
    0.13800E+04    0.00000E+00
    0.14400E+04    0.00000E+00
 TAB 25 ZEN
    0.00000E+00    0.90000E+02
    0.60000E+02    0.90000E+02
    0.12000E+03    0.90000E+02
    0.18000E+03    0.90000E+02
    0.24000E+03    0.90000E+02
    0.30000E+03    0.90000E+02
    0.36000E+03    0.87278E+02
    0.42000E+03    0.79191E+02
    0.48000E+03    0.71456E+02
    0.54000E+03    0.64526E+02
    0.60000E+03    0.58930E+02
    0.66000E+03    0.55240E+02
    0.72000E+03    0.53944E+02
    0.78000E+03    0.55240E+02
    0.84000E+03    0.58930E+02
    0.90000E+03    0.64526E+02
    0.96000E+03    0.71456E+02
    0.10200E+04    0.79191E+02
    0.10800E+04    0.87278E+02
    0.11400E+04    0.90000E+02
    0.12000E+04    0.90000E+02
    0.12600E+04    0.90000E+02
    0.13200E+04    0.90000E+02
    0.13800E+04    0.90000E+02
    0.14400E+04    0.90000E+02
 FIN
 TTL 1
 DAY 2 OF MONTH/DAY  9/15
 FIN
 TTL 1
 DAY 3 OF MONTH/DAY  9/15
 FIN
 TAB 2 TDS
   0.00   0.88
1440.00   0.88
 TIN          10
   0.88   0.88   0.88   0.88   0.88   0.88   0.88   0.88   0.88   0.88
TAB 25 TAR
    0.000E+00   -0.884E+00
    0.600E+02   -0.979E+00
    0.120E+03   -0.106E+01
    0.180E+03   -0.112E+01
    0.240E+03   -0.117E+01
    0.300E+03   -0.121E+01
    0.360E+03   -0.124E+01
    0.420E+03   -0.126E+01
    0.480E+03   -0.454E+00
    0.540E+03    0.100E+01
    0.600E+03    0.277E+01
    0.660E+03    0.444E+01
    0.720E+03    0.562E+01
    0.780E+03    0.605E+01
    0.840E+03    0.562E+01
    0.900E+03    0.444E+01
    0.960E+03    0.277E+01
    0.102E+04    0.100E+01
    0.108E+04    0.462E+00
    0.114E+04    0.973E-01
    0.120E+04   -0.194E+00
    0.126E+04   -0.428E+00
    0.132E+04   -0.615E+00
    0.138E+04   -0.764E+00
    0.144E+04   -0.884E+00
 TAB 25 REL
    0.000E+00    0.842E+02
    0.600E+02    0.861E+02
    0.120E+03    0.879E+02
    0.180E+03    0.898E+02
    0.240E+03    0.916E+02
    0.300E+03    0.935E+02
    0.360E+03    0.963E+02
    0.420E+03    0.963E+02
    0.480E+03    0.938E+02
    0.540E+03    0.884E+02
    0.600E+03    0.830E+02
    0.660E+03    0.722E+02
    0.720E+03    0.722E+02
    0.780E+03    0.732E+02
    0.840E+03    0.742E+02
    0.900E+03    0.752E+02
    0.960E+03    0.762E+02
    0.102E+04    0.772E+02
    0.108E+04    0.782E+02
    0.114E+04    0.792E+02
    0.120E+04    0.802E+02
    0.126E+04    0.812E+02
    0.132E+04    0.822E+02
    0.138E+04    0.832E+02
    0.144E+04    0.842E+02
 TAB 25 CLD
    0.000E+00    0.704E+02
    0.600E+02    0.659E+02
    0.120E+03    0.615E+02
    0.180E+03    0.570E+02
    0.240E+03    0.526E+02
    0.300E+03    0.482E+02
    0.360E+03    0.414E+02
    0.420E+03    0.346E+02
    0.480E+03    0.475E+02
    0.540E+03    0.605E+02
    0.600E+03    0.734E+02
    0.660E+03    0.993E+02
    0.720E+03    0.993E+02
    0.780E+03    0.969E+02
    0.840E+03    0.945E+02
    0.900E+03    0.921E+02
    0.960E+03    0.896E+02
    0.102E+04    0.872E+02
    0.108E+04    0.848E+02
    0.114E+04    0.824E+02
    0.120E+04    0.800E+02
    0.126E+04    0.776E+02
    0.132E+04    0.752E+02
    0.138E+04    0.728E+02
    0.144E+04    0.704E+02
 TAB 25 VEL
    0.000E+00    0.534E+05
    0.600E+02    0.476E+05
    0.120E+03    0.418E+05
    0.180E+03    0.360E+05
    0.240E+03    0.302E+05
    0.300E+03    0.214E+05
    0.360E+03    0.162E+05
    0.420E+03    0.260E+05
    0.480E+03    0.359E+05
    0.540E+03    0.458E+05
    0.600E+03    0.557E+05
    0.660E+03    0.656E+05
    0.720E+03    0.854E+05
    0.780E+03    0.854E+05
    0.840E+03    0.824E+05
    0.900E+03    0.795E+05
    0.960E+03    0.766E+05
    0.102E+04    0.737E+05
    0.108E+04    0.708E+05
    0.114E+04    0.679E+05
    0.120E+04    0.650E+05
    0.126E+04    0.621E+05
    0.132E+04    0.592E+05
    0.138E+04    0.563E+05
    0.144E+04    0.534E+05
 TAB 25 SOL
    0.00000E+00    0.00000E+00
    0.60000E+02    0.00000E+00
    0.12000E+03    0.00000E+00
    0.18000E+03    0.00000E+00
    0.24000E+03    0.00000E+00
    0.30000E+03    0.15605E-07
    0.36000E+03    0.42069E-04
    0.42000E+03    0.93612E-03
    0.48000E+03    0.54974E-01
    0.54000E+03    0.17316E+00
    0.60000E+03    0.28837E+00
    0.66000E+03    0.36854E+00
    0.72000E+03    0.39572E+00
    0.78000E+03    0.36854E+00
    0.84000E+03    0.28837E+00
    0.90000E+03    0.17316E+00
    0.96000E+03    0.54974E-01
    0.10200E+04    0.93612E-03
    0.10800E+04    0.42069E-04
    0.11400E+04    0.15605E-07
    0.12000E+04    0.00000E+00
    0.12600E+04    0.00000E+00
    0.13200E+04    0.00000E+00
    0.13800E+04    0.00000E+00
    0.14400E+04    0.00000E+00
 TAB 25 ZEN
    0.00000E+00    0.90000E+02
    0.60000E+02    0.90000E+02
    0.12000E+03    0.90000E+02
    0.18000E+03    0.90000E+02
    0.24000E+03    0.90000E+02
    0.30000E+03    0.90000E+02
    0.36000E+03    0.90000E+02
    0.42000E+03    0.88645E+02
    0.48000E+03    0.81602E+02
    0.54000E+03    0.75102E+02
    0.60000E+03    0.69982E+02
    0.66000E+03    0.66679E+02
    0.72000E+03    0.65534E+02
    0.78000E+03    0.66679E+02
    0.84000E+03    0.69982E+02
    0.90000E+03    0.75102E+02
    0.96000E+03    0.81602E+02
    0.10200E+04    0.88645E+02
    0.10800E+04    0.90000E+02
    0.11400E+04    0.90000E+02
    0.12000E+04    0.90000E+02
    0.12600E+04    0.90000E+02
    0.13200E+04    0.90000E+02
    0.13800E+04    0.90000E+02
    0.14400E+04    0.90000E+02
 FIN
 TTL 1
 DAY 2 OF MONTH/DAY 10/15
 FIN
 TTL 1
 DAY 3 OF MONTH/DAY 10/15
 FIN
 TAB 2 TDS
   0.00  -1.23
1440.00  -1.23
 TIN          10
  -1.23  -1.23  -1.23  -1.23  -1.23  -1.23  -1.23  -1.23  -1.23  -1.23
TAB 25 TAR
    0.000E+00   -0.299E+01
    0.600E+02   -0.315E+01
    0.120E+03   -0.328E+01
    0.180E+03   -0.340E+01
    0.240E+03   -0.349E+01
    0.300E+03   -0.357E+01
    0.360E+03   -0.364E+01
    0.420E+03   -0.369E+01
    0.480E+03   -0.374E+01
    0.540E+03   -0.311E+01
    0.600E+03   -0.730E+00
    0.660E+03    0.225E+01
    0.720E+03    0.468E+01
    0.780E+03    0.561E+01
    0.840E+03    0.468E+01
    0.900E+03    0.225E+01
    0.960E+03    0.230E+00
    0.102E+04   -0.468E+00
    0.108E+04   -0.105E+01
    0.114E+04   -0.153E+01
    0.120E+04   -0.194E+01
    0.126E+04   -0.228E+01
    0.132E+04   -0.256E+01
    0.138E+04   -0.279E+01
    0.144E+04   -0.299E+01
 TAB 25 REL
    0.000E+00    0.813E+02
    0.600E+02    0.830E+02
    0.120E+03    0.848E+02
    0.180E+03    0.865E+02
    0.240E+03    0.882E+02
    0.300E+03    0.899E+02
    0.360E+03    0.916E+02
    0.420E+03    0.933E+02
    0.480E+03    0.951E+02
    0.540E+03    0.951E+02
    0.600E+03    0.862E+02
    0.660E+03    0.676E+02
    0.720E+03    0.676E+02
    0.780E+03    0.687E+02
    0.840E+03    0.699E+02
    0.900E+03    0.710E+02
    0.960E+03    0.721E+02
    0.102E+04    0.733E+02
    0.108E+04    0.744E+02
    0.114E+04    0.756E+02
    0.120E+04    0.767E+02
    0.126E+04    0.779E+02
    0.132E+04    0.790E+02
    0.138E+04    0.802E+02
    0.144E+04    0.813E+02
 TAB 25 CLD
    0.000E+00    0.676E+02
    0.600E+02    0.637E+02
    0.120E+03    0.597E+02
    0.180E+03    0.558E+02
    0.240E+03    0.519E+02
    0.300E+03    0.479E+02
    0.360E+03    0.440E+02
    0.420E+03    0.401E+02
    0.480E+03    0.360E+02
    0.540E+03    0.351E+02
    0.600E+03    0.565E+02
    0.660E+03    0.993E+02
    0.720E+03    0.993E+02
    0.780E+03    0.966E+02
    0.840E+03    0.940E+02
    0.900E+03    0.914E+02
    0.960E+03    0.887E+02
    0.102E+04    0.861E+02
    0.108E+04    0.835E+02
    0.114E+04    0.808E+02
    0.120E+04    0.782E+02
    0.126E+04    0.755E+02
    0.132E+04    0.729E+02
    0.138E+04    0.703E+02
    0.144E+04    0.676E+02
 TAB 25 VEL
    0.000E+00    0.600E+05
    0.600E+02    0.549E+05
    0.120E+03    0.499E+05
    0.180E+03    0.448E+05
    0.240E+03    0.397E+05
    0.300E+03    0.346E+05
    0.360E+03    0.295E+05
    0.420E+03    0.242E+05
    0.480E+03    0.236E+05
    0.540E+03    0.381E+05
    0.600E+03    0.525E+05
    0.660E+03    0.669E+05
    0.720E+03    0.958E+05
    0.780E+03    0.958E+05
    0.840E+03    0.926E+05
    0.900E+03    0.893E+05
    0.960E+03    0.861E+05
    0.102E+04    0.828E+05
    0.108E+04    0.796E+05
    0.114E+04    0.763E+05
    0.120E+04    0.730E+05
    0.126E+04    0.698E+05
    0.132E+04    0.665E+05
    0.138E+04    0.633E+05
    0.144E+04    0.600E+05
 TAB 25 SOL
    0.00000E+00    0.00000E+00
    0.60000E+02    0.00000E+00
    0.12000E+03    0.00000E+00
    0.18000E+03    0.00000E+00
    0.24000E+03    0.00000E+00
    0.30000E+03    0.00000E+00
    0.36000E+03    0.12127E-07
    0.42000E+03    0.23914E-04
    0.48000E+03    0.24808E-01
    0.54000E+03    0.21596E-01
    0.60000E+03    0.86336E-01
    0.66000E+03    0.14498E+00
    0.72000E+03    0.16591E+00
    0.78000E+03    0.14498E+00
    0.84000E+03    0.86336E-01
    0.90000E+03    0.21596E-01
    0.96000E+03    0.24808E-01
    0.10200E+04    0.23914E-04
    0.10800E+04    0.12127E-07
    0.11400E+04    0.00000E+00
    0.12000E+04    0.00000E+00
    0.12600E+04    0.00000E+00
    0.13200E+04    0.00000E+00
    0.13800E+04    0.00000E+00
    0.14400E+04    0.00000E+00
 TAB 25 ZEN
    0.00000E+00    0.90000E+02
    0.60000E+02    0.90000E+02
    0.12000E+03    0.90000E+02
    0.18000E+03    0.90000E+02
    0.24000E+03    0.90000E+02
    0.30000E+03    0.90000E+02
    0.36000E+03    0.90000E+02
    0.42000E+03    0.90000E+02
    0.48000E+03    0.90000E+02
    0.54000E+03    0.84351E+02
    0.60000E+03    0.79621E+02
    0.66000E+03    0.76612E+02
    0.72000E+03    0.75578E+02
    0.78000E+03    0.76612E+02
    0.84000E+03    0.79621E+02
    0.90000E+03    0.84351E+02
    0.96000E+03    0.90000E+02
    0.10200E+04    0.90000E+02
    0.10800E+04    0.90000E+02
    0.11400E+04    0.90000E+02
    0.12000E+04    0.90000E+02
    0.12600E+04    0.90000E+02
    0.13200E+04    0.90000E+02
    0.13800E+04    0.90000E+02
    0.14400E+04    0.90000E+02
 FIN
 TTL 1
 DAY 2 OF MONTH/DAY 11/15
 FIN
 TTL 1
 DAY 3 OF MONTH/DAY 11/15
 FIN
 TAB 2 TDS
   0.00  -3.21
1440.00  -3.21
 TIN          10
  -3.21  -3.21  -3.21  -3.21  -3.21  -3.21  -3.21  -3.21  -3.21  -3.21
TAB 25 TAR
    0.000E+00   -0.518E+01
    0.600E+02   -0.540E+01
    0.120E+03   -0.559E+01
    0.180E+03   -0.574E+01
    0.240E+03   -0.587E+01
    0.300E+03   -0.598E+01
    0.360E+03   -0.608E+01
    0.420E+03   -0.615E+01
    0.480E+03   -0.622E+01
    0.540E+03   -0.618E+01
    0.600E+03   -0.357E+01
    0.660E+03    0.365E+00
    0.720E+03    0.380E+01
    0.780E+03    0.516E+01
    0.840E+03    0.380E+01
    0.900E+03    0.365E+00
    0.960E+03   -0.105E+01
    0.102E+04   -0.193E+01
    0.108E+04   -0.266E+01
    0.114E+04   -0.328E+01
    0.120E+04   -0.380E+01
    0.126E+04   -0.424E+01
    0.132E+04   -0.461E+01
    0.138E+04   -0.492E+01
    0.144E+04   -0.518E+01
 TAB 25 REL
    0.000E+00    0.784E+02
    0.600E+02    0.802E+02
    0.120E+03    0.821E+02
    0.180E+03    0.839E+02
    0.240E+03    0.857E+02
    0.300E+03    0.876E+02
    0.360E+03    0.894E+02
    0.420E+03    0.912E+02
    0.480E+03    0.939E+02
    0.540E+03    0.939E+02
    0.600E+03    0.874E+02
    0.660E+03    0.629E+02
    0.720E+03    0.629E+02
    0.780E+03    0.642E+02
    0.840E+03    0.655E+02
    0.900E+03    0.668E+02
    0.960E+03    0.681E+02
    0.102E+04    0.694E+02
    0.108E+04    0.707E+02
    0.114E+04    0.720E+02
    0.120E+04    0.733E+02
    0.126E+04    0.745E+02
    0.132E+04    0.758E+02
    0.138E+04    0.771E+02
    0.144E+04    0.784E+02
 TAB 25 CLD
    0.000E+00    0.649E+02
    0.600E+02    0.608E+02
    0.120E+03    0.568E+02
    0.180E+03    0.527E+02
    0.240E+03    0.487E+02
    0.300E+03    0.446E+02
    0.360E+03    0.405E+02
    0.420E+03    0.365E+02
    0.480E+03    0.305E+02
    0.540E+03    0.177E+02
    0.600E+03    0.449E+02
    0.660E+03    0.993E+02
    0.720E+03    0.993E+02
    0.780E+03    0.964E+02
    0.840E+03    0.935E+02
    0.900E+03    0.907E+02
    0.960E+03    0.878E+02
    0.102E+04    0.849E+02
    0.108E+04    0.821E+02
    0.114E+04    0.792E+02
    0.120E+04    0.763E+02
    0.126E+04    0.735E+02
    0.132E+04    0.706E+02
    0.138E+04    0.678E+02
    0.144E+04    0.649E+02
 TAB 25 VEL
    0.000E+00    0.667E+05
    0.600E+02    0.614E+05
    0.120E+03    0.561E+05
    0.180E+03    0.508E+05
    0.240E+03    0.455E+05
    0.300E+03    0.402E+05
    0.360E+03    0.349E+05
    0.420E+03    0.271E+05
    0.480E+03    0.188E+05
    0.540E+03    0.363E+05
    0.600E+03    0.538E+05
    0.660E+03    0.713E+05
    0.720E+03    0.106E+06
    0.780E+03    0.106E+06
    0.840E+03    0.103E+06
    0.900E+03    0.991E+05
    0.960E+03    0.955E+05
    0.102E+04    0.919E+05
    0.108E+04    0.883E+05
    0.114E+04    0.847E+05
    0.120E+04    0.811E+05
    0.126E+04    0.775E+05
    0.132E+04    0.739E+05
    0.138E+04    0.703E+05
    0.144E+04    0.667E+05
 TAB 25 SOL
    0.00000E+00    0.00000E+00
    0.60000E+02    0.00000E+00
    0.12000E+03    0.00000E+00
    0.18000E+03    0.00000E+00
    0.24000E+03    0.00000E+00
    0.30000E+03    0.00000E+00
    0.36000E+03    0.00000E+00
    0.42000E+03    0.43312E-06
    0.48000E+03    0.37997E-03
    0.54000E+03    0.11103E-02
    0.60000E+03    0.22285E-01
    0.66000E+03    0.58849E-01
    0.72000E+03    0.73707E-01
    0.78000E+03    0.58849E-01
    0.84000E+03    0.22285E-01
    0.90000E+03    0.11103E-02
    0.96000E+03    0.37997E-03
    0.10200E+04    0.43312E-06
    0.10800E+04    0.00000E+00
    0.11400E+04    0.00000E+00
    0.12000E+04    0.00000E+00
    0.12600E+04    0.00000E+00
    0.13200E+04    0.00000E+00
    0.13800E+04    0.00000E+00
    0.14400E+04    0.00000E+00
 TAB 25 ZEN
    0.00000E+00    0.90000E+02
    0.60000E+02    0.90000E+02
    0.12000E+03    0.90000E+02
    0.18000E+03    0.90000E+02
    0.24000E+03    0.90000E+02
    0.30000E+03    0.90000E+02
    0.36000E+03    0.90000E+02
    0.42000E+03    0.90000E+02
    0.48000E+03    0.90000E+02
    0.54000E+03    0.88466E+02
    0.60000E+03    0.84295E+02
    0.66000E+03    0.81422E+02
    0.72000E+03    0.80437E+02
    0.78000E+03    0.81422E+02
    0.84000E+03    0.84295E+02
    0.90000E+03    0.88466E+02
    0.96000E+03    0.90000E+02
    0.10200E+04    0.90000E+02
    0.10800E+04    0.90000E+02
    0.11400E+04    0.90000E+02
    0.12000E+04    0.90000E+02
    0.12600E+04    0.90000E+02
    0.13200E+04    0.90000E+02
    0.13800E+04    0.90000E+02
    0.14400E+04    0.90000E+02
 FIN
 TTL 1
 DAY 2 OF MONTH/DAY 12/15
 FIN
 TTL 1
 DAY 3 OF MONTH/DAY 12/15
 FIN
 STP
