 290 48.21.41.42011.50  .000
 295 58.41.31.415 6.30  .000
 300 51.41.23.412 3.20  .000
 305 60.21.14.408 1.62  .000
 310 68.61.05.404  .83  .000
 315 75.7 .99.400  .44  .000
 320 81.9 .92.395  .26  .000
 330103.7 .81.388  .03  .000
 340105.0 .72.379  .02  .000
 350107.4 .63.379  .01  .000
 360105.5 .56.379  .00  .000
 370117.3 .50.375  .00  .000
 380111.7 .45.365  .00  .000
 390109.9 .40.345  .00  .000
 400143.3 .36.314  .00  .000
 420175.8 .30.300  .00  .000
 440182.3 .25.288  .00  .000
 460208.0 .20.280  .00  .000
 480208.5 .17.273  .00  .000
 500194.6 .15.264  .00  .000
 520183.3 .12.258  .00  .000
 540178.3 .10.253  .00  .000
 560169.5 .09.248  .00  .000
 580170.5 .08.243  .00  .000
 600164.6 .07.236  .00  .000
 620157.6 .06.232  .00  .000
 640151.7 .06.227  .00  .000
 660146.8 .05.223  .00  .000
 680141.8 .04.217  .00  .000
 700136.9 .04.213  .00  .000
 720131.4 .03.210  .00  .000
 740126.0 .03.208  .00  .000
 760120.0 .03.205  .00  .000
 780115.0 .02.202  .00  .000
 800110.7 .02.201  .00  .000
 820105.0 .02.198  .00  .000
 840100.0 .02.195  .00  .000
 860 95.0 .01.193  .00  .000
 880 91.0 .01.191  .00  .123
 900 88.0 .01.190  .00  .117
 920 85.0 .01.188  .00  .100
 940 83.0 .01.186  .00  .230
 960 80.0 .00.184  .00  .174
 980 77.0 .00.183  .00  .058
1000 75.0 .00.182  .00  .000
1020 70.0 .00.181  .00  .024
1080 61.0 .00.178  .00  .027
1100 59.0 .00.177  .00  .036
1120 56.0 .00.176  .00  .215
1140 54.0 .00.175  .00  .250
1160 51.0 .00.175  .00  .136
1180 49.0 .00.174  .00  .058
1200 48.0 .00.173  .00  .047
1220 45.0 .00.172  .00  .036
1240 42.0 .00.171  .00  .042
1260 41.0 .00.170  .00  .098
1280 40.0 .00.169  .00  .044
1300 39.0 .00.168  .00  .000
1320 38.0 .00.167  .00  .038
1380 34.0 .00.164  .00  .830
1400 33.0 .00.163  .00  .000
1420 32.0 .00.163  .00  .000
1440 31.0 .00.162  .00  .380
1460 30.0 .00.161  .00  .289
1480 29.0 .00.161  .00  .258
1500 28.0 .00.160  .00  .173
1540 26.0 .00.159  .00  .008
1580 25.0 .00.157  .00  .000
1600 24.0 .00.156  .00  .000
1620 24.0 .00.156  .00  .000
1640 23.0 .00.155  .00  .000
1660 22.0 .00.154  .00  .000
1700 21.0 .00.153  .00  .000
1720 19.0 .00.152  .00  .000
1780 16.0 .00.150  .00  .000
1800 15.0 .00.149  .00  .570
1860 12.0 .00.146  .00  .760
1900 11.0 .00.145  .00  .000
1950 10.7 .00.142  .00  .185
2000 10.3 .00.140  .00  .291
2020 10.0 .00.139  .00  .178
2050  9.7 .00.137  .00  .196
2100  9.0 .00.135  .00  .112
2120  8.8 .00.135  .00  .075
2150  8.5 .00.133  .00  .074
2200  7.9 .00.132  .00  .070
2260  7.4 .00.131  .00  .007
2300  6.8 .00.130  .00  .000
2320  6.7 .00.130  .00  .000
2350  6.6 .00.129  .00  .000
2380  6.5 .00.129  .00  .086
2400  6.4 .00.128  .00  .122
2420  6.2 .00.128  .00  .132
2450  5.9 .00.128  .00  .140
2490  5.5 .00.127  .00  .207
2500  5.4 .00.127  .00  .259
2600  4.8 .00.126  .00  .000
2700  4.3 .00.125  .00  .000
2800  3.9 .00.124  .00  .000
2900  3.5 .00.123  .00  .549
3000  3.1 .00.121  .00  .297
3100  2.6 .00.118  .00  .462
3200  2.3 .00.117  .00  .520
3300  1.9 .00.115  .00  .374
3400  1.7 .00.113  .00  .222
3500  1.5 .00.110  .00  .614
3600  1.4 .00.108  .00  .058
3700  1.2 .00.107  .00  .038
3800  1.1 .00.105  .00  .030
3900  1.0 .00.103  .00  .040
4000  1.0 .00.100  .00  .160
0.31 0.30 0.30 0.27 0.34 0.38 0.43 0.45 0.41 0.37 0.34 0.31 
0.31 0.31 0.31 0.28 0.35 0.40 0.44 0.46 0.42 0.38 0.36 0.32 
0.32 0.31 0.31 0.29 0.34 0.39 0.43 0.45 0.43 0.40 0.38 0.34 
0.32 0.31 0.30 0.30 0.33 0.38 0.41 0.42 0.42 0.40 0.39 0.35 
0.31 0.30 0.29 0.30 0.32 0.36 0.39 0.40 0.40 0.39 0.37 0.35 
0.30 0.29 0.28 0.29 0.31 0.33 0.35 0.37 0.38 0.37 0.34 0.32 
0.27 0.28 0.26 0.27 0.28 0.28 0.29 0.31 0.32 0.32 0.29 0.29 
0.24 0.25 0.24 0.25 0.25 0.25 0.25 0.26 0.26 0.26 0.26 0.25 
0.23 0.24 0.24 0.24 0.24 0.24 0.24 0.24 0.24 0.24 0.24 0.23 
0.22 0.22 0.23 0.23 0.24 0.24 0.24 0.23 0.23 0.22 0.22 0.22 
0.23 0.24 0.24 0.25 0.26 0.25 0.25 0.24 0.24 0.23 0.23 0.23 
0.24 0.26 0.26 0.27 0.28 0.27 0.26 0.26 0.26 0.25 0.25 0.25 
0.27 0.28 0.29 0.30 0.30 0.30 0.29 0.28 0.27 0.26 0.26 0.27 
0.30 0.32 0.33 0.34 0.34 0.33 0.31 0.30 0.28 0.27 0.28 0.29 
0.32 0.36 0.38 0.38 0.37 0.35 0.33 0.31 0.30 0.28 0.29 0.30 
0.33 0.39 0.42 0.40 0.39 0.36 0.34 0.32 0.30 0.28 0.30 0.31 
0.34 0.40 0.45 0.42 0.40 0.36 0.34 0.31 0.29 0.28 0.29 0.31 
0.34 0.40 0.46 0.43 0.40 0.36 0.33 0.30 0.28 0.27 0.29 0.31 
0.33 0.39 0.46 0.42 0.39 0.34 0.32 0.30 0.27 0.26 0.28 0.30 
1.000  1.000  1.000  1.000  
0.887  0.546  0.999  1.000     
0.784  0.353  0.981  1.000     
0.692  0.260  0.973  1.000     
0.609  0.223  0.966  1.000     
0.534  0.199  0.959  1.000     
0.467  0.181  0.952  1.000     
0.406  0.168  0.946  1.000     
0.353  0.155  0.939  1.000     
0.304  0.142  0.932  1.000     
0.262  0.129  0.923  1.000     
0.225  0.116  0.911  1.000     
0.192  0.103  0.895  1.000     
0.164  0.092  0.873  1.000     
0.141  0.081  0.846  1.000     
0.120  0.070  0.817  1.000     
0.103  0.059  0.787  1.000     
0.088  0.048  0.756  1.000     
0.075  0.039  0.721  1.000     
0.064  0.031  0.682  1.000     
0.064  0.031  0.682  1.000     
 8.000E-05 1.000E-03 3.500E-02 1.550E-01 3.700E-01 5.500E-01
 6.500E-05 9.500E-04 3.300E-02 1.400E-01 3.700E-01 5.500E-01
 4.000E-05 9.000E-04 3.100E-02 1.400E-01 3.600E-01 5.500E-01
 2.300E-05 8.000E-04 2.900E-02 1.300E-01 3.500E-01 5.300E-01
 1.000E-05 7.000E-04 2.500E-02 1.200E-01 3.300E-01 5.100E-01
 4.500E-06 6.000E-04 2.200E-02 1.100E-01 3.100E-01 5.000E-01
 1.000E-06 4.500E-04 1.750E-02 1.000E-01 2.900E-01 4.700E-01
 1.000E-07 3.000E-04 1.300E-02 9.000E-02 2.600E-01 4.400E-01
 5.500E-09 1.700E-04 7.500E-03 8.200E-02 2.300E-01 4.000E-01
 1.000E-09 8.000E-05 4.500E-03 7.000E-02 2.000E-01 3.600E-01
 3.500E-10 3.300E-05 2.500E-03 5.200E-02 1.700E-01 3.100E-01
 1.600E-10 1.800E-05 1.300E-03 3.500E-02 1.500E-01 2.700E-01
 1.000E-10 1.000E-05 5.600E-04 2.200E-02 1.000E-01 2.250E-01
 1.000E-10 8.000E-06 2.700E-04 1.000E-02 7.000E-02 1.800E-01
 1.000E-10 6.300E-06 1.400E-04 4.000E-03 3.800E-02 1.200E-01
 1.000E-10 5.000E-06 7.100E-05 1.200E-03 1.600E-02 6.000E-02
 1.000E-10 4.100E-06 4.200E-05 4.500E-04 5.000E-03 2.500E-02
 1.000E-10 3.500E-06 2.600E-05 1.900E-04 1.200E-03 4.500E-03
 1.000E-10 3.000E-06 1.700E-05 8.000E-05 3.000E-04 7.000E-04
 6.500E-01 7.881E-01 7.475E-01 7.000E-01 6.512E-01  
 6.500E-01 7.800E-01 7.400E-01 7.000E-01 6.500E-01  
 6.500E-01 8.000E-01 7.400E-01 7.000E-01 6.500E-01  
 6.500E-01 8.000E-01 7.300E-01 6.900E-01 6.400E-01  
 6.200E-01 8.000E-01 7.200E-01 6.800E-01 6.300E-01  
 6.000E-01 7.600E-01 7.100E-01 6.800E-01 6.250E-01  
 5.700E-01 7.346E-01 7.037E-01 6.600E-01 6.218E-01  
 5.500E-01 7.100E-01 6.900E-01 6.500E-01 6.000E-01  
 5.000E-01 7.000E-01 6.700E-01 6.300E-01 5.900E-01  
 4.500E-01 6.500E-01 6.200E-01 6.000E-01 5.700E-01  
 4.200E-01 6.000E-01 5.700E-01 5.600E-01 5.500E-01  
 3.800E-01 5.500E-01 5.300E-01 5.205E-01 5.200E-01  
 3.250E-01 5.137E-01 5.162E-01 5.000E-01 4.892E-01  
 2.700E-01 4.500E-01 4.800E-01 4.700E-01 4.600E-01  
 1.900E-01 3.500E-01 3.900E-01 3.900E-01 3.900E-01  
 1.150E-01 2.675E-01 2.900E-01 3.000E-01 3.082E-01  
 5.000E-02 1.500E-01 1.700E-01 1.850E-01 2.000E-01  
 1.100E-02 6.273E-02 7.620E-02 9.000E-02 9.546E-02  
 1.200E-03 1.200E-02 3.000E-02 2.600E-02 2.200E-02  
 8.000E-06 6.100E-04 2.400E-02 1.300E-01 3.400E-01 5.400E-01
 7.000E-06 6.000E-04 2.300E-02 1.200E-01 3.300E-01 5.300E-01
 5.200E-06 5.500E-04 2.200E-02 1.100E-01 3.200E-01 5.100E-01
 3.500E-06 4.500E-04 2.100E-02 1.000E-01 3.000E-01 5.000E-01
 1.700E-06 3.400E-04 1.800E-02 9.100E-02 2.900E-01 4.800E-01
 5.500E-07 2.300E-04 1.500E-02 8.500E-02 2.700E-01 4.500E-01
 1.000E-07 1.200E-04 1.200E-02 7.200E-02 2.500E-01 4.200E-01
 2.500E-08 5.500E-05 7.500E-03 6.500E-02 2.000E-01 3.700E-01
 6.000E-09 2.600E-05 4.800E-03 5.200E-02 1.700E-01 3.200E-01
 1.500E-09 1.200E-05 2.500E-03 4.000E-02 1.500E-01 2.700E-01
 3.000E-10 6.000E-06 1.200E-03 2.800E-02 1.200E-01 2.200E-01
 6.000E-11 3.500E-06 5.000E-04 1.700E-02 8.000E-02 1.700E-01
 1.000E-11 2.000E-06 2.500E-04 1.000E-02 5.800E-02 1.200E-01
 1.000E-11 1.500E-06 1.000E-04 3.000E-03 3.000E-02 8.000E-02
 1.000E-11 1.000E-06 4.500E-05 1.000E-03 1.300E-02 5.000E-02
 1.000E-11 6.000E-07 2.000E-05 4.000E-04 6.200E-03 2.300E-02
 1.000E-11 4.000E-07 1.000E-05 1.700E-04 2.000E-03 8.000E-03
 1.000E-11 2.300E-07 5.500E-06 6.700E-05 6.000E-04 4.700E-03
 1.000E-11 1.000E-07 2.500E-06 2.500E-05 1.900E-04 9.000E-04
 6.500E-01 8.200E-01 8.600E-01 8.000E-01 7.500E-01  
 6.400E-01 8.100E-01 8.400E-01 7.900E-01 7.400E-01  
 6.200E-01 8.100E-01 8.200E-01 7.700E-01 7.300E-01  
 6.100E-01 8.000E-01 8.000E-01 7.600E-01 7.200E-01  
 6.000E-01 7.900E-01 7.500E-01 7.300E-01 7.000E-01  
 5.600E-01 7.500E-01 7.000E-01 6.850E-01 6.700E-01  
 5.100E-01 7.000E-01 6.800E-01 6.400E-01 6.100E-01  
 4.700E-01 6.500E-01 6.300E-01 5.900E-01 5.500E-01  
 4.200E-01 6.000E-01 5.800E-01 5.400E-01 5.000E-01  
 3.600E-01 5.400E-01 5.000E-01 4.750E-01 4.500E-01  
 3.000E-01 4.600E-01 4.400E-01 4.200E-01 4.000E-01  
 2.500E-01 3.800E-01 3.700E-01 3.650E-01 3.600E-01  
 1.800E-01 3.200E-01 3.200E-01 3.200E-01 3.200E-01  
 1.300E-01 2.500E-01 2.400E-01 2.500E-01 2.600E-01  
 8.000E-02 1.800E-01 1.700E-01 1.800E-01 1.900E-01  
 5.000E-02 1.200E-01 1.200E-01 1.300E-01 1.400E-01  
 2.000E-02 6.000E-02 6.000E-02 7.000E-02 8.000E-02  
 4.600E-03 2.500E-02 2.700E-02 2.900E-02 3.100E-02  
 1.500E-03 8.000E-03 1.000E-02 1.100E-02 1.200E-02  
.200.255.315.365.394.405.405.395.370.343.320    
 300 302 304 306 308 310 312 314 316 318 320    
 6.190E+00 6.860E+00 1.160E+01 2.510E+01 2.240E+02 5.600E+02 1.160E+03  
  00.  31.  59.  90. 120. 151. 181. 212. 243. 273. 304. 334. 365.   
